0.000000000000000000e+00 0.000000000000000000e+00 0.000000000000000000e+00
9.588485055416693910e-04 1.005539728723478174e-02 0.000000000000000000e+00
1.765471494431769192e-03 2.012472933097936983e-02 0.000000000000000000e+00
5.178892644755783529e-03 2.985720543722180514e-02 0.000000000000000000e+00
-5.460044995948099868e-03 4.003341591237939701e-02 0.000000000000000000e+00
2.508715506621605335e-02 4.383371735549396880e-02 0.000000000000000000e+00
2.518112697948025544e-02 5.512717502492561761e-02 0.000000000000000000e+00
2.108141971144255472e-02 6.749121121245861554e-02 0.000000000000000000e+00
1.254299395994259471e-02 7.982868673857890229e-02 0.000000000000000000e+00
3.689768063295233852e-02 8.308443881874637282e-02 0.000000000000000000e+00
4.526893266324810011e-02 9.029819622562303139e-02 0.000000000000000000e+00
7.917415338084788159e-03 1.108286675310586888e-01 0.000000000000000000e+00
7.498193914809710148e-02 9.523700504705631675e-02 0.000000000000000000e+00
6.081946754207664257e-02 1.163792542644863232e-01 0.000000000000000000e+00
7.554313085659297711e-02 1.195457852552002792e-01 0.000000000000000000e+00
6.685368945632821913e-02 1.359684718776237033e-01 0.000000000000000000e+00
8.014320028160941412e-02 1.403454706934396112e-01 0.000000000000000000e+00
9.114528596394894100e-02 1.455311784776534278e-01 0.000000000000000000e+00
1.277929296866887054e-01 1.293322015654355672e-01 0.000000000000000000e+00
1.568376415073235719e-01 1.106116197934732398e-01 0.000000000000000000e+00
1.390497583225961953e-01 1.465514473988941413e-01 0.000000000000000000e+00
1.647865537975722605e-01 1.335694587819090395e-01 0.000000000000000000e+00
1.479019145740235741e-01 1.658545739939690233e-01 0.000000000000000000e+00
2.213540362738848910e-01 7.054413442926521505e-02 0.000000000000000000e+00
1.561656282191984102e-01 1.854233261428317736e-01 0.000000000000000000e+00
2.064227826628977358e-01 1.454600906113035774e-01 0.000000000000000000e+00
2.284543477599144112e-01 1.295421352712343155e-01 0.000000000000000000e+00
1.936575115734024133e-01 1.920336780370925645e-01 0.000000000000000000e+00
2.609118239002792272e-01 1.091643610187173902e-01 0.000000000000000000e+00
2.797707556838059384e-01 8.680953242684631699e-02 0.000000000000000000e+00
2.789637453653398547e-01 1.183494542715727987e-01 0.000000000000000000e+00
3.031694053356809859e-01 7.835515893513357588e-02 0.000000000000000000e+00
3.232170656000856179e-01 -3.140587052619000109e-03 0.000000000000000000e+00
3.294806452387893936e-01 5.053331103482281567e-02 0.000000000000000000e+00
3.178225347575028281e-01 1.301383289061853743e-01 0.000000000000000000e+00
3.528943067019398305e-01 -2.128037820915489736e-02 0.000000000000000000e+00
3.590803639357241228e-01 5.738202849730558025e-02 0.000000000000000000e+00
3.714551579684098881e-01 -4.123942466588310929e-02 0.000000000000000000e+00
3.694397789450302727e-01 1.041448733289817435e-01 0.000000000000000000e+00
3.671613577481507851e-01 1.427612814241714378e-01 0.000000000000000000e+00
4.032888359899599595e-01 -2.463255697235254907e-02 0.000000000000000000e+00
4.027257813311966861e-01 9.656632931942427112e-02 0.000000000000000000e+00
4.204110391798408508e-01 -5.688754400407348283e-02 0.000000000000000000e+00
4.287347603437480226e-01 -6.957531336787632636e-02 0.000000000000000000e+00
3.605081075466742280e-01 -2.599322384596540747e-01 0.000000000000000000e+00
4.246562392074696990e-01 -1.621069053128279813e-01 0.000000000000000000e+00
4.613171412705527330e-01 -5.552325889591901847e-02 0.000000000000000000e+00
4.278634085655599884e-01 -2.057135590809825998e-01 0.000000000000000000e+00
4.646962576278347301e-01 -1.383309126932823763e-01 0.000000000000000000e+00
2.995542361799111708e-01 -3.940079467947697478e-01 0.000000000000000000e+00
4.309783478448618865e-01 -2.633128867729102596e-01 0.000000000000000000e+00
4.125436594165622362e-01 -3.085268426540765940e-01 0.000000000000000000e+00
4.465996550459065961e-01 -2.764759725492108022e-01 0.000000000000000000e+00
3.701222994439585801e-01 -3.867982565496459468e-01 0.000000000000000000e+00
5.216302570782477277e-01 -1.594444607300800343e-01 0.000000000000000000e+00
3.862301771218840107e-01 -3.993347287540116586e-01 0.000000000000000000e+00
5.254485582101880992e-01 -2.094544412162588909e-01 0.000000000000000000e+00
5.344033611890626201e-01 -2.142658012657945310e-01 0.000000000000000000e+00
4.447229838901645693e-01 -3.813813711025362263e-01 0.000000000000000000e+00
4.324552280540286398e-01 -4.100613560737746965e-01 0.000000000000000000e+00
3.457368753558210384e-01 -4.977705005700344132e-01 0.000000000000000000e+00
3.370726713864073409e-01 -5.157878938433181348e-01 0.000000000000000000e+00
9.954740992114979869e-02 -6.183002427877192231e-01 0.000000000000000000e+00
3.611895650252445189e-01 -5.239282162690087619e-01 0.000000000000000000e+00
3.228045798124254961e-01 -5.601015464902626695e-01 0.000000000000000000e+00
4.406576852957748702e-01 -4.867229866887957113e-01 0.000000000000000000e+00
1.622804016355799128e-01 -6.466138845473698993e-01 0.000000000000000000e+00
4.040918673979489451e-01 -5.428851177001973172e-01 0.000000000000000000e+00
4.098499862555940454e-01 -5.511910574084123438e-01 0.000000000000000000e+00
3.279185773937048909e-01 -6.150090772453038479e-01 0.000000000000000000e+00
3.507640147882830628e-01 -6.139328878037688675e-01 0.000000000000000000e+00
1.602172826756188828e-01 -6.990462747508711105e-01 0.000000000000000000e+00
2.660247561044185582e-01 -6.768725500227464886e-01 0.000000000000000000e+00
3.560072984433580029e-02 -7.365138264846521343e-01 0.000000000000000000e+00
3.223984912990385809e-01 -6.743720864037459073e-01 0.000000000000000000e+00
6.179343557004616377e-02 -7.550513888384907668e-01 0.000000000000000000e+00
6.120800473032438072e-02 -7.652327749042003857e-01 0.000000000000000000e+00
5.029965133610239669e-02 -7.761496097276637807e-01 0.000000000000000000e+00
-1.558997933745211173e-01 -7.723006142786174033e-01 0.000000000000000000e+00
-1.468040545644887784e-01 -7.843598202019950172e-01 0.000000000000000000e+00
-3.537561148644792486e-02 -8.073061120173016247e-01 0.000000000000000000e+00
-1.478785027389516726e-01 -8.047070498206112532e-01 0.000000000000000000e+00
-3.096795739090895880e-02 -8.277037086078787853e-01 0.000000000000000000e+00
-1.540294418581654723e-01 -8.241130938797661676e-01 0.000000000000000000e+00
-3.430737674406472704e-01 -7.760328138696436229e-01 0.000000000000000000e+00
-3.036624213434183095e-01 -8.030932762932760927e-01 0.000000000000000000e+00
-3.046338342409979916e-01 -8.135201920448104085e-01 0.000000000000000000e+00
-4.211995245619407080e-01 -7.712710913895935994e-01 0.000000000000000000e+00
-3.334395637164496162e-01 -8.239790738475748499e-01 0.000000000000000000e+00
-6.999052819319667718e-01 -5.641945008679215556e-01 0.000000000000000000e+00
-6.820217514852051632e-01 -6.010762110521333801e-01 0.000000000000000000e+00
-6.395690144642777186e-01 -6.602009239958060993e-01 0.000000000000000000e+00
-6.641842214018115476e-01 -6.499574358946151875e-01 0.000000000000000000e+00
-3.574648467553520614e-01 -8.687231185505753794e-01 0.000000000000000000e+00
-6.865127969291799914e-01 -6.559274645636447021e-01 0.000000000000000000e+00
-6.428950596467137846e-01 -7.123976052421421290e-01 0.000000000000000000e+00
-8.071451994478539005e-01 -5.374279859178995311e-01 0.000000000000000000e+00
-5.665535890425873466e-01 -7.993879608545313431e-01 0.000000000000000000e+00
-7.616095186456478539e-01 -6.323376877202442348e-01 0.000000000000000000e+00
-6.012611027338626846e-01 -7.990526180041334081e-01 0.000000000000000000e+00
-0.000000000000000000e+00 -0.000000000000000000e+00 1.000000000000000000e+00
-8.919755847355503170e-03 -4.740080240278155693e-03 1.000000000000000000e+00
-1.493849065431667941e-02 -1.360011460296293474e-02 1.000000000000000000e+00
-2.704149394560170436e-02 -1.367593692352956150e-02 1.000000000000000000e+00
-3.466022409459434267e-02 -2.076428054818734228e-02 1.000000000000000000e+00
-3.222412816863837182e-02 -3.888914617587881095e-02 1.000000000000000000e+00
-5.569278773460263621e-02 -2.390414140968015813e-02 1.000000000000000000e+00
-7.014089422772047666e-02 -8.929994675834209902e-03 1.000000000000000000e+00
-7.380532896380385954e-02 -3.290470088649970898e-02 1.000000000000000000e+00
-7.294997121126464701e-02 -5.424725348064190350e-02 1.000000000000000000e+00
-1.009092299122398839e-01 -4.513072632865923646e-03 1.000000000000000000e+00
-1.065401342063190954e-01 -3.154169963152266692e-02 1.000000000000000000e+00
-1.086767837044416152e-01 -5.368179404975190888e-02 1.000000000000000000e+00
-1.198397103024399085e-01 -5.368037155131239607e-02 1.000000000000000000e+00
-1.378224709820199123e-01 -3.166900510450345457e-02 1.000000000000000000e+00
-1.509959601445132749e-01 1.253240434616929334e-02 1.000000000000000000e+00
-1.577413016696520565e-01 3.517762702493016508e-02 1.000000000000000000e+00
-1.706056757565514170e-01 1.950616472285354730e-02 1.000000000000000000e+00
-1.814051614625226960e-01 -1.224820943752541295e-02 1.000000000000000000e+00
-1.873028171822092025e-01 -4.184054137464700285e-02 1.000000000000000000e+00
-1.961419207064508119e-01 4.837880699095011700e-02 1.000000000000000000e+00
-2.109730170411652783e-01 2.204075117414232982e-02 1.000000000000000000e+00
-2.204082722107646997e-01 2.833565934380516751e-02 1.000000000000000000e+00
-2.314463117656754831e-01 2.016653284975738689e-02 1.000000000000000000e+00
-2.370230931675477992e-01 5.088778458781467035e-02 1.000000000000000000e+00
-2.518608061435239631e-01 -1.830676081880201755e-02 1.000000000000000000e+00
-2.495206893372774737e-01 8.192667095450996417e-02 1.000000000000000000e+00
-2.599057475872164069e-01 8.263877818788446794e-02 1.000000000000000000e+00
-2.771357556013665513e-01 5.645892785782236079e-02 1.000000000000000000e+00
-2.331452962402560114e-01 1.773438510270338164e-01 1.000000000000000000e+00
-2.784283250423898459e-01 1.196036469708452177e-01 1.000000000000000000e+00
-2.356105477472554277e-01 2.062495795233987017e-01 1.000000000000000000e+00
-2.148046042618373952e-01 2.415328482216870798e-01 1.000000000000000000e+00
-2.539812221396769432e-01 2.158811013302165405e-01 1.000000000000000000e+00
-2.673272253068308402e-01 2.155998674858810860e-01 1.000000000000000000e+00
-2.798792978493481742e-01 2.159972796928778527e-01 1.000000000000000000e+00
-3.128304398108467943e-01 1.853874884840663873e-01 1.000000000000000000e+00
-2.525070745762497681e-01 2.755354819565959956e-01 1.000000000000000000e+00
-2.864473023028694110e-01 2.554992131319998028e-01 1.000000000000000000e+00
-1.542706149695499684e-01 3.624759625882161829e-01 1.000000000000000000e+00
-1.405771469556606201e-01 3.787964015812974594e-01 1.000000000000000000e+00
-2.389457951449961703e-01 3.382573249607107591e-01 1.000000000000000000e+00
-2.868518575787062375e-01 3.125662271115269841e-01 1.000000000000000000e+00
-2.330358188363877980e-01 3.665358455819888173e-01 1.000000000000000000e+00
-2.150437439108580373e-01 3.889563631081669470e-01 1.000000000000000000e+00
-3.203076650127445468e-01 3.225128989389686174e-01 1.000000000000000000e+00
-2.162788984247430157e-01 4.112417478863716336e-01 1.000000000000000000e+00
-2.280636116985074457e-01 4.163798191533021886e-01 1.000000000000000000e+00
-9.263246648472263367e-02 4.759173031240072627e-01 1.000000000000000000e+00
-1.350977977543810493e-01 4.761550037463394558e-01 1.000000000000000000e+00
-9.313271484033060210e-02 4.963892727267984473e-01 1.000000000000000000e+00
-2.491413679959241789e-01 4.508987273391014683e-01 1.000000000000000000e+00
-8.942194356794938570e-02 5.175847092918077763e-01 1.000000000000000000e+00
-2.690725599779062935e-02 5.346769186996932488e-01 1.000000000000000000e+00
-1.325065073436508256e-01 5.291150032541241943e-01 1.000000000000000000e+00
-1.891478000899929068e-01 5.223648964371152559e-01 1.000000000000000000e+00
5.202715019741226826e-02 5.632588445046528003e-01 1.000000000000000000e+00
1.084840926618812623e-01 5.654449466407573954e-01 1.000000000000000000e+00
1.657554774995106672e-01 5.619211726773882809e-01 1.000000000000000000e+00
9.644784772574818699e-02 5.881034370630695562e-01 1.000000000000000000e+00
1.747477114019462263e-01 5.803212003522973950e-01 1.000000000000000000e+00
7.943118412982395904e-02 6.110203140801694355e-01 1.000000000000000000e+00
3.010639186690489688e-01 5.491497008366645893e-01 1.000000000000000000e+00
5.687341392239745469e-02 6.338170812425002465e-01 1.000000000000000000e+00
-3.227933005328481597e-02 6.456582563399708707e-01 1.000000000000000000e+00
8.971015498281831313e-02 6.504079869393136759e-01 1.000000000000000000e+00
2.219315827801127405e-01 6.286420420312012203e-01 1.000000000000000000e+00
1.469859624668552189e-01 6.606130600852596624e-01 1.000000000000000000e+00
3.268725387666706617e-01 6.041050706631634348e-01 1.000000000000000000e+00
5.362173118165293184e-01 4.452389841447919050e-01 1.000000000000000000e+00
3.411835185798595682e-01 6.193083169528215137e-01 1.000000000000000000e+00
4.547496788480371865e-01 5.545610890592997944e-01 1.000000000000000000e+00
3.804482812168190620e-01 6.198263669398704767e-01 1.000000000000000000e+00
4.406224380191714474e-01 5.912460534181644967e-01 1.000000000000000000e+00
3.516502742288717398e-01 6.595912239767875995e-01 1.000000000000000000e+00
5.415948798075550519e-01 5.297131437228296269e-01 1.000000000000000000e+00
6.633000186068203075e-01 3.864721269986256535e-01 1.000000000000000000e+00
7.005135720295010415e-01 3.379630260951742016e-01 1.000000000000000000e+00
5.759342880490592176e-01 5.376361969201582935e-01 1.000000000000000000e+00
6.640244616555253110e-01 4.425418311379942238e-01 1.000000000000000000e+00
7.041874932330812742e-01 3.963767989711822759e-01 1.000000000000000000e+00
8.140754605242070951e-01 8.186960471143145401e-02 1.000000000000000000e+00
8.273512532999597324e-01 3.927272961212843055e-02 1.000000000000000000e+00
6.324408298927525207e-01 5.503690190661031378e-01 1.000000000000000000e+00
7.724610528191909742e-01 3.510419632833420844e-01 1.000000000000000000e+00
8.033856160149629444e-01 3.028881452679761943e-01 1.000000000000000000e+00
5.502097129716908563e-01 6.722247745959728515e-01 1.000000000000000000e+00
8.301540545143909489e-01 2.882921810903262827e-01 1.000000000000000000e+00
8.332862444855463346e-01 3.094470738935784504e-01 1.000000000000000000e+00
8.988424928326937957e-01 -1.627917578311962807e-02 1.000000000000000000e+00
8.338446227212539252e-01 3.621455869544530359e-01 1.000000000000000000e+00
8.153839636376958300e-01 4.243380446651048854e-01 1.000000000000000000e+00
8.842997918767910859e-01 2.856557832785771578e-01 1.000000000000000000e+00
9.387663688052322319e-01 -3.433188270839564876e-02 1.000000000000000000e+00
9.443858886070145564e-01 -9.836641965811512844e-02 1.000000000000000000e+00
9.379221661701740986e-01 2.027964888244840336e-01 1.000000000000000000e+00
9.694541173479456209e-01 2.170086165573993642e-02 1.000000000000000000e+00
9.314105888848994708e-01 -3.041026078962286161e-01 1.000000000000000000e+00
9.783847407795536189e-01 -1.505433798370631460e-01 1.000000000000000000e+00
9.998061631520149817e-01 1.968847691535436165e-02 1.000000000000000000e+00
0.000000000000000000e+00 -0.000000000000000000e+00 2.000000000000000000e+00
9.520520159001694821e-03 -3.374922363958977791e-03 2.000000000000000000e+00
1.835589251485116383e-02 -8.436991775867947602e-03 2.000000000000000000e+00
2.655447317485178788e-02 -1.459909586078705739e-02 2.000000000000000000e+00
3.766763731811616223e-02 -1.461627790657363257e-02 2.000000000000000000e+00
4.759972404328135370e-02 -1.688272482513311634e-02 2.000000000000000000e+00
5.912767516356200181e-02 -1.330460867285410131e-02 2.000000000000000000e+00
6.741931801561536208e-02 -2.131021835373864831e-02 2.000000000000000000e+00
6.960045552815949388e-02 -4.105755124405267853e-02 2.000000000000000000e+00
7.968404681126833866e-02 -4.375974741354150127e-02 2.000000000000000000e+00
6.792389041987798026e-02 -7.476219376328667454e-02 2.000000000000000000e+00
7.607592731052650881e-02 -8.098229618990293588e-02 2.000000000000000000e+00
1.031950419243614081e-01 -6.358586046418855664e-02 2.000000000000000000e+00
8.908512917160073263e-02 -9.647268118871207832e-02 2.000000000000000000e+00
1.055257925035324174e-01 -9.413961179227485487e-02 2.000000000000000000e+00
9.151831464003840066e-02 -1.207528021376988725e-01 2.000000000000000000e+00
1.259093747872057079e-01 -1.013242963767143207e-01 2.000000000000000000e+00
1.255577755147362085e-01 -1.171410776386138247e-01 2.000000000000000000e+00
1.285787248473874989e-01 -1.285510122725186388e-01 2.000000000000000000e+00
1.240778471292850599e-01 -1.464160649610465326e-01 2.000000000000000000e+00
1.314141261308767183e-01 -1.534356199763968476e-01 2.000000000000000000e+00
1.064584342147869428e-01 -1.834720971055494032e-01 2.000000000000000000e+00
1.345407973891070696e-01 -1.768657397216486515e-01 2.000000000000000000e+00
1.442504824007168340e-01 -1.821150257509661918e-01 2.000000000000000000e+00
-6.631121864892844213e-03 -2.423335336633805626e-01 2.000000000000000000e+00
3.910924970153007579e-02 -2.494783953586481029e-01 2.000000000000000000e+00
8.603526841257740088e-02 -2.481340089754212608e-01 2.000000000000000000e+00
1.047255477666025059e-01 -2.518188335574630399e-01 2.000000000000000000e+00
8.457756611326279483e-02 -2.698860368339789373e-01 2.000000000000000000e+00
6.347614147712384546e-03 -2.928605102274584038e-01 2.000000000000000000e+00
2.546183373433876657e-02 -3.019587050865104039e-01 2.000000000000000000e+00
1.663954643332259814e-02 -3.126888945227089267e-01 2.000000000000000000e+00
1.604647918633400894e-01 -2.805889972084080752e-01 2.000000000000000000e+00
5.618024405742678973e-02 -3.285648966167248886e-01 2.000000000000000000e+00
-1.495773482213447886e-02 -3.431084586820460358e-01 2.000000000000000000e+00
3.710744984776834232e-02 -3.515825413258781285e-01 2.000000000000000000e+00
-1.815477085280130243e-01 -3.150743316852474551e-01 2.000000000000000000e+00
-2.681636504514260059e-03 -3.737277529884114324e-01 2.000000000000000000e+00
-1.692715322731453906e-02 -3.834649610998135394e-01 2.000000000000000000e+00
-1.277955799083486110e-01 -3.726345875696805421e-01 2.000000000000000000e+00
-1.249298130506147908e-01 -3.842410570309625628e-01 2.000000000000000000e+00
-8.736486107847514504e-02 -4.048215556955793715e-01 2.000000000000000000e+00
-3.172375726457048878e-02 -4.230546510229000190e-01 2.000000000000000000e+00
-1.399520757982801178e-01 -4.111783499127863450e-01 2.000000000000000000e+00
-3.036959214807828378e-01 -3.244990777698282813e-01 2.000000000000000000e+00
-1.148011357954377698e-01 -4.398093558213733156e-01 2.000000000000000000e+00
-2.182586814484505366e-01 -4.101944478912923908e-01 2.000000000000000000e+00
-1.611837622254572722e-01 -4.465478245092584508e-01 2.000000000000000000e+00
-2.604593279137248363e-01 -4.089486419620466662e-01 2.000000000000000000e+00
-2.676873855243296352e-01 -4.163153446390236989e-01 2.000000000000000000e+00
-3.587438600114851717e-01 -3.554980387510319750e-01 2.000000000000000000e+00
-3.173518210876056234e-01 -4.057941660685651097e-01 2.000000000000000000e+00
-1.386408861749595101e-01 -5.066250289561073927e-01 2.000000000000000000e+00
-3.752342479158643496e-01 -3.818411541551600119e-01 2.000000000000000000e+00
-4.724298524715542236e-01 -2.726365633049432358e-01 2.000000000000000000e+00
-2.059748364840303658e-01 -5.159615703170333800e-01 2.000000000000000000e+00
-4.445287931037395501e-01 -3.498020902912293284e-01 2.000000000000000000e+00
-3.834827450673405358e-01 -4.294621872503535664e-01 2.000000000000000000e+00
-4.020356512807157223e-01 -4.261427198996983190e-01 2.000000000000000000e+00
-3.989881627261664399e-01 -4.426920894038237630e-01 2.000000000000000000e+00
-5.632941338169198398e-01 -2.236273172624382299e-01 2.000000000000000000e+00
-4.998431731544227263e-01 -3.602942401452078891e-01 2.000000000000000000e+00
-4.786901941039504726e-01 -4.038075966621779145e-01 2.000000000000000000e+00
-5.928264426565976741e-01 -2.313341448491213481e-01 2.000000000000000000e+00
-6.443376048190919692e-01 -5.239837921783455088e-02 2.000000000000000000e+00
-5.715047238075922076e-01 -3.232039790087669062e-01 2.000000000000000000e+00
-6.549142672435250834e-01 -1.246264298025149403e-01 2.000000000000000000e+00
-6.246627769651280637e-01 -2.604052675959788177e-01 2.000000000000000000e+00
-6.736919157864501573e-01 -1.338947183599745183e-01 2.000000000000000000e+00
-6.484184783554697296e-01 -2.555782373779280636e-01 2.000000000000000000e+00
-6.797130300591602836e-01 -1.947798284352486864e-01 2.000000000000000000e+00
-7.011468453589508876e-01 -1.507593219480011237e-01 2.000000000000000000e+00
-7.076874671264040684e-01 1.676426816384343210e-01 2.000000000000000000e+00
-7.296695946399264221e-01 1.063123286666182304e-01 2.000000000000000000e+00
-7.434111354662171767e-01 -7.783560738676988111e-02 2.000000000000000000e+00
-7.497878749018852540e-01 -1.083474555151070357e-01 2.000000000000000000e+00
-7.671873229155183882e-01 2.740859697923469715e-02 2.000000000000000000e+00
-7.415812238122289068e-01 2.345113218889336437e-01 2.000000000000000000e+00
-7.543524227164083440e-01 2.273882290956007468e-01 2.000000000000000000e+00
-7.964865297684954326e-01 -4.879514198379555912e-02 2.000000000000000000e+00
-7.899292265399383561e-01 1.703126814026093283e-01 2.000000000000000000e+00
-8.181694408627546711e-01 -4.500404607726694005e-03 2.000000000000000000e+00
-8.149434061923869210e-01 1.480529916339136387e-01 2.000000000000000000e+00
-7.920672689044283565e-01 2.748033878857720769e-01 2.000000000000000000e+00
-8.027933847721669958e-01 2.746803951402498334e-01 2.000000000000000000e+00
-5.230186605587996418e-01 6.808973177145692945e-01 2.000000000000000000e+00
-7.274262573319526526e-01 4.748346196024726407e-01 2.000000000000000000e+00
-7.433088567031551630e-01 4.687857500512874198e-01 2.000000000000000000e+00
-8.438406051540994213e-01 2.793859156852523395e-01 2.000000000000000000e+00
-7.274962347848755728e-01 5.281401962165900299e-01 2.000000000000000000e+00
-8.614056022444557259e-01 2.905626772550153891e-01 2.000000000000000000e+00
-7.270377308401081429e-01 5.624321490122965450e-01 2.000000000000000000e+00
-6.028156539142049963e-01 7.072472239817013673e-01 2.000000000000000000e+00
-7.108256445318005268e-01 6.141562313011360574e-01 2.000000000000000000e+00
-6.090193926057532181e-01 7.284476910159962681e-01 2.000000000000000000e+00
-5.670125145744001616e-01 7.741583907630960049e-01 2.000000000000000000e+00
-7.163973158605485558e-01 6.535190118636849954e-01 2.000000000000000000e+00
-5.854029135021001640e-01 7.856891943252466426e-01 2.000000000000000000e+00
-5.314909497910538239e-01 8.351151899548013846e-01 2.000000000000000000e+00
-4.442245010560903484e-01 8.959155053136805824e-01 2.000000000000000000e+00
