1.209906046602589713e+00 -1.326568164011279576e-03 -2.490802760904592406e-01
9.830713017419075994e-01 -1.311566838807907587e+00 7.947974507423621882e-01
-2.160397894406242081e+00 -3.138201112103304324e-01 1.622995711427576981e-01
-2.235176501326468501e-01 2.347562150065641562e-01 2.980817857829334283e-01
5.729157269789696416e-01 -1.734924740031211152e-02 -8.796769611925479015e-01
-1.162989368786830457e+00 -2.118896095947722547e+00 2.881179917398860035e-01
2.930727391556698369e-01 -1.017667599851560301e+00 1.355056346430549841e-01
-1.023752842602273061e+00 3.141456818343177360e-02 2.011342668895615693e-01
-4.033296291268184119e-01 1.529174224965361040e+00 4.909354543098478629e-01
-1.010764711307300390e+00 5.343609811028176004e-01 -8.346643644683331420e-01
-1.622543298379560905e+00 -5.922775854717490240e-01 -1.948798839480281542e+00
1.045569814094995609e+00 3.295252750557078891e-01 -4.400439017035641664e-01
-2.129186507968582553e+00 -1.344202257779706811e+00 6.096617098318622696e-02
-1.548422790914016633e-01 4.278724325723604616e-01 -1.474021067529581508e+00
-1.400057820647055085e+00 7.726054565885243086e-01 -4.960645980247658793e-01
5.654326952358880443e-02 1.596474469229033355e+00 3.694010151927480945e-01
-5.433468729730763780e-01 -1.082234847559700563e+00 1.877618875297540235e+00
-5.041339782590573693e-01 -1.750059734793426358e+00 -5.163119346372256890e-01
-1.080735764680156204e-02 -4.805252339756717062e-01 7.809370446513288488e-01
8.428772815661488282e-01 8.604516303155140822e-02 5.177876320004338728e-01
8.669552160293929610e-01 -1.860468893885165453e+00 -2.148903915902022621e-01
8.273050128306955742e-01 -9.072472769353169264e-01 -1.985551081967915410e+00
-1.292227201620041122e+00 -1.253028605247414440e+00 -7.876734512959981949e-01
-7.323167097793681357e-01 -4.965425683170068272e-01 2.663181080748269203e+00
-5.520813279820812047e-01 -4.673381820287692556e-01 -3.022025921205077625e-01
-5.070878703137248200e-01 1.268465335743874378e-01 1.310882861519776288e+00
2.231997603841707534e+00 -1.399247100981694691e+00 2.391428508703659361e-01
1.879203605402322008e+00 -4.785251976428744891e-01 1.017131934144862859e-01
-2.698913757658501500e-01 8.730775723105640984e-02 3.696439867148158531e-01
4.351392086214921906e-01 -2.325664673579221908e-01 -1.517601964691163985e-01
9.217243694002771326e-01 -9.496251770161099337e-01 -2.111778521293278255e-01
1.596260614969167990e-01 3.992099642858468744e-01 -1.215243410211647515e-02
-8.223192589963680410e-01 -8.163793368422886942e-01 -4.090729853304944097e-01
-5.614599471942959275e-01 5.136236311150903511e-01 -3.195975992014830069e-01
-2.385178595348388164e+00 -5.970049832686732394e-01 7.263919836346960368e-01
6.011401972551863038e-01 2.027810096082348412e+00 4.293969358146463300e-01
7.852309796350244175e-01 -2.047788328200207175e+00 6.386274069975708123e-01
-4.082721053144067747e-01 -2.884429144081745999e-01 5.706031802718470880e-01
-5.264316806835295237e-01 -1.092975222088751197e+00 2.510598954590895771e-01
-1.369993181991859155e+00 -1.135576491432985502e-01 1.727168321122109163e+00
-7.380423384920934415e-01 -1.371977857191813532e+00 -1.164014588834935582e+00
1.209717206002128176e+00 1.920737577944267471e+00 -8.467355413099023065e-02
2.476506397082526567e-01 -4.019206188450684392e-02 7.797859847141831446e-01
-3.601911818344830651e-01 -4.089200361301917330e-01 -3.025314462979289409e-02
-9.234603871906411632e-01 -1.096112468118260574e+00 5.302054358350519747e-01
2.921704733117404529e-01 -1.117004286358573184e+00 1.108130719604710324e+00
-1.961538449648620452e-01 -5.037995727097357435e-01 9.069792729989850644e-01
-2.435239811825379852e-01 2.092116342525745853e+00 1.247041423649289715e+00
3.766023618292046460e-01 -1.205247747619399679e+00 -7.210511719867389591e-01
-4.663222281307393691e-01 1.245143728431183705e+00 -6.840548618130899428e-01
-5.119396706654363860e-02 1.100989418493586003e+00 -2.030661673210529372e+00
-6.288514725680635076e-01 3.441958206718924718e-01 3.120545828056118243e-01
1.116112662973734349e+00 1.624309274561338334e+00 -2.193665100450231664e-01
3.155567189690004493e-01 1.335462906286263296e+00 3.550814248519411076e-01
8.106880807723807481e-01 -3.726245967607913490e-02 -1.031943606277480274e+00
-6.664600192071395979e-01 -5.493476372857093032e-02 -4.856620844824010019e-01
-2.261557656094093371e-01 -9.639453277436427214e-01 2.045682747043271188e-01
-8.759573773797988405e-01 4.500481688504004429e-01 -7.656012439294723748e-01
-8.575138426291332161e-01 -4.875481867934051139e-01 -1.588118841782471868e+00
1.688800115701830779e-02 -6.543146406531127890e-02 9.484139800639570517e-01
2.892156179080420664e-01 2.441651423167723878e-01 2.071331221702730208e-01
3.962692014719088607e-01 -1.464430408502219949e+00 -1.524529466625475393e+00
-4.372494853974314699e-01 -6.845078060587465041e-01 -8.008466395418762929e-01
2.034039371824277256e-02 5.289811961509027771e-01 8.735724047613885324e-01
1.821011315212633486e+00 -5.370379321093630143e-01 -1.044758081222958879e+00
-1.119973134121599490e+00 2.045465242330073430e+00 -1.519470640982314658e+00
1.054033568955386357e+00 4.100578728083106306e-01 1.870603949080059225e+00
-1.340916843437624850e+00 2.492361255013761656e-01 -2.376129766260878795e-02
-1.740044075020732439e-01 1.233265857562358736e+00 5.092370740346808811e-01
-1.200843161767231937e+00 1.733128371659012013e+00 -2.755101046084709182e-01
8.951850854352393361e-01 5.329898165051023540e-01 -2.727812142638603166e-01
7.205959012791145479e-01 -3.175854362237537365e-01 8.760291919879799050e-01
4.797856092594919852e-01 8.590771615412559070e-01 -1.675020608116820076e-01
1.159977061360002309e-01 -1.728227472803330056e-01 -4.505152384182483649e-01
-6.157013142608391831e-01 1.727329658399459622e-01 -1.576935939096155703e-01
4.600517247720802283e-01 7.649568014080425638e-01 3.623408210746335012e-01
6.076712540458650835e-01 -7.253988492976751745e-01 1.424584924125109620e-01
-1.590903654150248869e-01 1.636549828175501542e+00 -3.066260242401467884e-01
1.491464646792786952e-01 1.452451311018673197e+00 4.723563663249074618e-01
6.535671223520639339e-01 -9.113908125463211496e-01 4.579930305767720422e-01
4.936517615431320061e-01 8.670838645673284439e-01 -9.492718437442144719e-01
-1.514878632645173084e+00 -2.102054455413101819e-01 2.457491446052741391e-01
-5.538354066775654783e-01 6.771035739964782474e-01 1.611796508527822525e+00
4.798178418905738041e-01 -1.063229196993665360e+00 -1.244640874327665320e-01
3.110227740424585940e-01 1.349524598258270647e+00 -4.606211551914753122e-02
7.442614537536456076e-01 3.724935850016896643e-01 1.362577822028971264e+00
3.703820584160312235e-01 -1.321679395085292752e+00 1.699909936530563659e+00
6.054164361971620112e-02 3.512978174823503386e-01 7.081075728136161374e-01
-7.935547720282920547e-02 2.022998989576989093e+00 -1.371197433556214929e+00
7.437960054645473829e-01 2.550136145415476951e-01 -4.483868251138727057e-02
-5.919875744726428302e-01 3.008443265478599749e-01 7.740928442375643037e-01
-7.554330626104192037e-01 -8.998172660418710667e-01 -6.663485628757087609e-01
-3.096838024258581901e-01 1.060567627523623990e+00 -2.616315723006534810e-01
-1.641479193775390311e-01 3.801626840919059003e-01 -1.975086927970093331e+00
1.201961534328595205e+00 7.425738320254564595e-01 7.394177528607370764e-01
-3.676581695611386147e-01 5.291377139592616796e-01 -1.005916485796669591e+00
-2.514042510969939137e+00 2.482734997825581380e-01 -9.398746698191479121e-01
-1.591113629560250153e+00 -2.938736265817166737e-01 1.836993404077757130e+00
8.074189776532253449e-01 4.692752498193220739e-03 9.387786298727536227e-01
-2.499561335311112908e-01 -1.904177515912411356e-01 -3.836821281291064589e-01
