-0.000000000000000000e+00 0.000000000000000000e+00
1.636550969002222933e-04 1.009968425595407851e-02
3.184507276660325341e-03 1.994944945725896090e-02
2.934854068964358725e-03 3.016057488079854770e-02
4.268593326266474121e-03 4.017792418712399366e-02
7.204158241459908060e-03 4.998860100612646795e-02
3.339867739608572833e-02 5.057294662542102109e-02
2.458406931759823250e-02 6.629565131863644767e-02
2.251895252812147544e-02 7.760697585218438721e-02
4.425722668551848593e-02 7.940882001405125123e-02
6.474759212687036802e-02 7.752928362782185445e-02
3.475450195022846550e-02 1.055357930113629689e-01
5.865250830973830348e-02 1.060766779161095574e-01
7.526765900165605094e-02 1.076007340294205111e-01
7.075321990694589946e-02 1.224415830700426033e-01
7.268447018373964952e-02 1.329428784582626089e-01
1.403439773534746922e-02 1.610056501360972447e-01
9.734798560867179151e-02 1.414572612504514659e-01
1.018768368610428604e-01 1.505953563389584582e-01
1.202246519889970250e-01 1.495961539647332472e-01
8.402556703329569499e-02 1.837168095439728199e-01
1.748287619482977728e-01 1.201262362158978941e-01
1.878545807968434733e-01 1.187155108780016399e-01
1.572946034269356586e-01 1.709751210260651577e-01
2.265343610566387111e-01 8.632320994743133968e-02
1.988453464485897271e-01 1.556583803034160274e-01
2.363766759723346378e-01 1.144492065385714907e-01
2.345988095907992066e-01 1.390811411652786156e-01
2.647000953020564040e-01 9.962779288269624223e-02
2.812671479339730607e-01 8.183130299062832402e-02
2.880777402259055431e-01 9.401372315238330779e-02
3.059920119238884739e-01 6.648389204996474344e-02
3.232320712363570547e-01 -4.036166742084759738e-04
3.271812656868114955e-01 6.374582727274938354e-02
3.290048141912222390e-01 9.850370799709982916e-02
3.406235300462539528e-01 9.467236649728458242e-02
3.623608343587428893e-01 3.043075223377464389e-02
3.710878945158690989e-01 4.442295658652856832e-02
3.760458709785278186e-01 7.695068438722901805e-02
3.864368065139920927e-01 -7.651693060104065858e-02
3.977310349904650266e-01 -7.112434113963002347e-02
4.078267486827797383e-01 7.204480526646699079e-02
4.032211572062416316e-01 -1.318875767779074948e-01
4.343188171574126621e-01 -4.624285916250961935e-03
4.328027658011470713e-01 -1.010575584130565252e-01
4.402234542526774486e-01 -1.132028293541053610e-01
4.023923633400706690e-01 -2.323289113176638665e-01
4.499980445535221585e-01 -1.512842512527675376e-01
4.712013608577292900e-01 -1.142249131568742054e-01
4.532098987579732952e-01 -1.989366487567028330e-01
4.394212453368646076e-01 -2.489678328587236200e-01
3.053050875630213823e-01 -4.149335935677390674e-01
4.150389093884849778e-01 -3.219206718708379489e-01
4.797616249568936175e-01 -2.375546064260803669e-01
4.987470132681159352e-01 -2.208440126269188841e-01
4.271884358875408516e-01 -3.551788500918915958e-01
4.320769630749937140e-01 -3.650710180913724345e-01
4.190854083826907051e-01 -3.947964114869257357e-01
4.761184548827190333e-01 -3.413817504558705473e-01
4.211318946323225898e-01 -4.216820690279766692e-01
3.847999391045351936e-01 -4.682290733003399708e-01
2.531514467967501125e-01 -5.617557140035223107e-01
3.879731480651517073e-01 -4.916113438823170867e-01
4.067224808545534809e-01 -4.894236419028691887e-01
3.498286991818703173e-01 -5.436326152443219373e-01
3.188705882865955354e-01 -5.739338021995674666e-01
2.744206447853471120e-01 -6.075670779099530128e-01
2.718104558741021304e-01 -6.197850953314636424e-01
3.063812316583515161e-01 -6.147512780696156032e-01
-1.826442877116468411e-01 -6.726126839871044982e-01
1.146229106706642409e-01 -6.977181186889550579e-01
5.819610521990881830e-02 -7.148066068862702904e-01
2.480417276875421240e-01 -6.836672590964774088e-01
1.590861486728928631e-01 -7.200080734748325328e-01
2.782251988155202693e-01 -6.937645399243909106e-01
-2.004533712450439625e-02 -7.573105128849382250e-01
7.471103754200936198e-02 -7.640326436089275308e-01
2.141895296977939719e-02 -7.774827972750372185e-01
1.320556919420852182e-01 -7.767330806751088224e-01
-3.175759539800744879e-01 -7.320637072260343103e-01
-1.404371005011853801e-01 -7.957838985499466888e-01
-1.908757041222251261e-01 -7.956054004210572073e-01
-3.173334489781763357e-01 -7.650829535336782783e-01
-3.482228467966954621e-01 -7.626455988413118892e-01
-3.101653868368163813e-01 -7.897619710499640400e-01
-2.632451684208965692e-01 -8.172341511872041053e-01
-3.651913597385182952e-01 -7.881955002417415646e-01
-4.846377354381053437e-01 -7.330718936734137436e-01
-3.956680054866731910e-01 -7.959712847988433815e-01
-2.351998502196582519e-01 -8.676772838691350076e-01
-6.581722675164389802e-01 -6.271009067638196877e-01
-4.658576186398297736e-01 -7.923953959122621571e-01
-5.129256407292646092e-01 -7.749145988535167673e-01
-5.841350704679307837e-01 -7.356950406380962093e-01
-1.955039542447568335e-01 -9.291495374755781578e-01
-7.040970095663846573e-01 -6.519753114900633806e-01
-5.408299238154561372e-01 -8.048696829582125956e-01
-6.515019229037732895e-01 -7.318123568708637672e-01
-3.653700041858201075e-01 -9.200025925204202704e-01
-6.599030415241552427e-01 -7.513507674762627264e-01
-0.000000000000000000e+00 -0.000000000000000000e+00
-8.755990962579769318e-03 -5.036171891817187683e-03
-1.758713733910905255e-02 -9.940534213921737097e-03
-1.651951486696164734e-02 -2.540431605272234009e-02
-3.546818620440514436e-02 -1.935185387349166661e-02
-3.823606954047829160e-02 -3.299641060196412817e-02
-5.744644611055944178e-02 -1.931321856791564165e-02
-6.908145639370058544e-02 -1.507455573142841600e-02
-7.046737694392678220e-02 -3.955116572906360040e-02
-8.457942501983488348e-02 -3.332842140323306890e-02
-1.008890852468430355e-01 4.942973207094080411e-03
-1.093765654173332325e-01 -1.955622534778893654e-02
-1.212098354906065573e-01 -7.443850361622720386e-04
-1.255280438014662048e-01 -3.854670770165528892e-02
-1.375387741682119747e-01 -3.287924865632391863e-02
-1.392254979579677643e-01 -5.977542853895098651e-02
-1.600857747608763482e-01 2.218847481805006835e-02
-1.694524672104666396e-01 -2.779655408194281127e-02
-1.805807455885549140e-01 -2.117653329397956377e-02
-1.902966820180234109e-01 -2.490279180828754158e-02
-2.019675841800701033e-01 4.610527599910863722e-03
-2.092769284026431420e-01 3.462045450492014231e-02
-2.221365363577636198e-01 -6.170515728744948615e-03
-2.314240000329244595e-01 2.042098151107264031e-02
-2.362546899783540266e-01 5.434367284422066124e-02
-2.158253686661938953e-01 1.311045895575134179e-01
-2.582177949010894813e-01 4.791789036943894936e-02
-2.570321270398476798e-01 9.118470792094378330e-02
-2.621160980733578394e-01 1.062402404853877158e-01
-2.112580856242348426e-01 2.029226254374779104e-01
-2.570997010134938865e-01 1.603967215793681289e-01
-2.491838662977410024e-01 1.896275824880178928e-01
-2.937608636266806350e-01 1.348469123987340312e-01
-2.669673499054959209e-01 1.995984599027448847e-01
-3.137275488947097180e-01 1.397217710834502968e-01
-2.235658188983547512e-01 2.738714494423898360e-01
-3.018210980596486848e-01 2.028187114759030518e-01
-2.965905706426416044e-01 2.274063717972335252e-01
-2.681253637191884365e-01 2.746646941966066069e-01
-1.591154901029256663e-01 3.603755081947756511e-01
-1.269445271564675348e-01 3.835801547553703283e-01
-3.490367969709742280e-01 2.229045205178513955e-01
-2.692346557797327677e-01 3.278632865300075694e-01
-8.836497463913521588e-02 4.252597444083724421e-01
-2.581197021160561156e-01 3.618080756106051288e-01
-1.054381507698369802e-01 4.421474489468089630e-01
-8.646420187723209694e-02 4.565306987511262848e-01
-1.508193845157343171e-01 4.501540603320148826e-01
-2.595901378873465282e-01 4.095009323206723617e-01
-2.466259743151346107e-01 4.291277564360883034e-01
-1.498245667595869968e-01 4.823158838842779850e-01
-2.402136080635092208e-01 4.557175726960862039e-01
4.382836042192490844e-02 5.234207581925659492e-01
-2.768942179106727644e-02 5.346369831356649893e-01
7.723330942634374892e-04 5.454539986640636329e-01
2.337726717879730701e-02 5.550634906818256997e-01
7.253685432172969627e-02 5.609864125230564769e-01
-6.257268092622450539e-02 5.723473120789033253e-01
-1.093813011665845381e-01 5.755571332016717889e-01
2.599491836062433614e-01 5.362781572642806305e-01
1.477504901130511639e-01 5.877748300921895597e-01
-2.332675717045990318e-02 6.157199035525855457e-01
-5.820658366825066932e-02 6.235518187536885915e-01
2.534387054552266205e-01 5.837186824688151976e-01
2.746442853920806892e-01 5.852239363099682734e-01
6.084331060124368445e-02 6.537404323862585631e-01
2.507187706721399900e-01 6.177252969379637415e-01
2.386268533964810978e-01 6.333022289204522925e-01
1.857657119785230126e-01 6.612712705492556076e-01
3.567969695402742336e-01 5.987175302435263635e-01
2.884105175018935596e-01 6.455759894789766529e-01
3.793110669630936349e-01 6.086529276938944522e-01
5.264982808785734214e-01 5.017222140453994061e-01
1.717648883253962977e-01 7.170891518542710230e-01
3.673774520936450849e-01 6.509625993907938168e-01
5.299290464698005465e-01 5.413836293924033649e-01
5.119995525405992565e-01 5.720000680322303577e-01
3.216390175873930501e-01 7.081571958049673876e-01
5.076070573973080480e-01 6.025678880174366592e-01
5.011589510226194255e-01 6.209762183802105540e-01
7.379242075717699079e-01 3.293363877073218204e-01
6.673524809362982868e-01 4.733520400203990453e-01
6.437570861538610689e-01 5.211806382195061094e-01
7.465863283758176205e-01 3.814397917699907103e-01
7.693676689301404137e-01 3.577707759353161987e-01
8.560956621771153019e-01 -6.534442413199838262e-02
6.512285101622640182e-01 5.749072128446773844e-01
8.729975133269063381e-01 -1.007148332150619441e-01
8.864943314305817612e-01 6.520166509813557498e-02
7.900870382144636883e-01 4.288884593124017153e-01
9.082514501309620902e-01 -3.905872920027250728e-02
9.091844231013110900e-01 1.352681377770093285e-01
9.280590964584254365e-01 4.787130575411991523e-02
8.993412356924610496e-01 2.713785458602459566e-01
9.096362600204970228e-01 -2.722178053918213325e-01
9.365822578277990251e-01 -2.088972953273278421e-01
9.648716838669277873e-01 9.661701046547235827e-02
9.731140258411798971e-01 1.142504876461109126e-01
9.863025042976559797e-01 -8.430527990115972703e-02
9.757070917399063292e-01 -2.190791435268406029e-01
0.000000000000000000e+00 -0.000000000000000000e+00
1.009848001607300573e-02 2.260673034347579133e-04
1.949781166749032374e-02 -5.287434200244064963e-03
3.012884016315165933e-02 -3.244477765316377930e-03
3.994809467224291061e-02 6.052785559463293164e-03
4.912639315951807667e-02 -1.171996679407233226e-02
5.321672966565527824e-02 -2.900128041790667882e-02
5.123569271289770549e-02 -4.872775020667605844e-02
7.705791436457690158e-02 -2.433153833334118776e-02
5.028347712037131018e-02 -7.573661425362537836e-02
9.028315230078025333e-02 -4.529892842777773210e-02
7.807141376010283407e-02 -7.906031473403396514e-02
7.602364781245474212e-02 -9.440753837501437984e-02
8.937350273217040120e-02 -9.620558957068139905e-02
1.129666019018641526e-01 -8.506765687759676453e-02
1.031235821567076522e-01 -1.110061617291044356e-01
9.622943744612322270e-02 -1.298448268678576711e-01
9.278690112979211257e-02 -1.444900620848189321e-01
1.106504384740365499e-01 -1.442717287106967394e-01
1.672110479581080111e-01 -9.419894727472771789e-02
8.358765170877341388e-02 -1.839164661091987063e-01
1.059787577012770710e-01 -1.837495892454355517e-01
1.389315697841037311e-01 -1.734379859393767320e-01
1.040389877076914743e-01 -2.077257165443735232e-01
4.717089951099462386e-02 -2.377907053572353435e-01
6.944827296051184207e-02 -2.427878509022739495e-01
7.964843227667554870e-02 -2.502572297794941059e-01
8.084227869559608426e-02 -2.604701350722569697e-01
8.519669506192349695e-02 -2.696912321862184325e-01
1.509679539624424749e-01 -2.510303717330820139e-01
9.818999192835294043e-02 -2.866811644314067320e-01
3.763005945829538818e-02 -3.108620238763584176e-01
1.201443537426283570e-01 -3.000741059237388986e-01
1.083819778977266612e-01 -3.152212841451030867e-01
1.002399786888533567e-01 -3.284799764409344069e-01
-5.025057060168695161e-02 -3.499458906082086318e-01
-4.512669525684238903e-02 -3.608254236246024038e-01
-1.442997613584255786e-03 -3.737345880247058272e-01
-3.212316443270927385e-02 -3.824918394090148777e-01
-7.228624454898242846e-02 -3.872504937974149963e-01
-3.244394292194383023e-02 -4.027356933086644331e-01
-9.271289087652076488e-02 -4.036303144863733761e-01
-9.851113873066585924e-02 -4.126465679889711469e-01
-1.322904873013399374e-01 -4.137069565850002850e-01
1.786286268406760136e-02 -4.440853322665150316e-01
-2.202091869569351712e-01 -3.976424074815204102e-01
-2.424792351794904377e-01 -3.963586224812420400e-01
-3.058085083372628077e-01 -3.631340262322473311e-01
-2.496156319066270557e-01 -4.156562156009780407e-01
-2.252814348197465510e-01 -4.407077009496390141e-01
-2.430243385794557953e-01 -4.427360201178443533e-01
-2.744653928273362853e-01 -4.359470514902444305e-01
-4.714753716044522980e-01 -2.315193064403017476e-01
-5.074401825328811455e-01 -1.706102838826703827e-01
-2.243585055004029827e-01 -4.971759468906862822e-01
-4.266646662207214669e-01 -3.558078665620005299e-01
-4.366057404146971299e-01 -3.596425693759218167e-01
-5.170731202362208734e-01 -2.532433106153433866e-01
-5.492040490291589805e-01 -2.039735158156547046e-01
-4.527375885283724810e-01 -3.875519525816364386e-01
-5.223313435879505251e-01 -3.073750570950016803e-01
-4.668281649728512894e-01 -4.021524606650757061e-01
-5.625583189770682058e-01 -2.751963204751421421e-01
-6.308688560590867134e-01 -8.344557592017604053e-02
-6.168013337273327013e-01 -1.935785469540567127e-01
-5.565115319158954188e-01 -3.483868198226147683e-01
-6.383804600966754839e-01 -1.921323309888305075e-01
-6.320409682757547332e-01 -2.419477272853890193e-01
-6.754350519624123805e-01 -1.248041809445805256e-01
-6.164164353755064996e-01 -3.252653327561749741e-01
-7.070424202681993009e-01 6.324613723924757576e-03
-7.119822084975743204e-01 8.611972302525301715e-02
-7.083934038192275517e-01 -1.646341558125762605e-01
-7.302220176020816078e-01 -1.024491755831091616e-01
-7.473187198164696898e-01 -1.527184089461208934e-02
-7.155270046327717459e-01 2.488817673268506614e-01
-7.628687055115777049e-01 -8.578436793343933997e-02
-7.772237310136803634e-01 -2.935206217819236532e-02
-7.859090858362977050e-01 5.567668443166341047e-02
-6.844758507348764898e-01 4.102006432767338340e-01
-7.057516087790639547e-01 3.935851357639095216e-01
-8.117858325099627237e-01 1.021041122551521185e-01
-7.455242792734019242e-01 3.608960967398732733e-01
-6.932687612194968763e-01 4.714508300771166893e-01
-7.286544591484500621e-01 4.347289008927702203e-01
-7.162573133402072578e-01 4.734396874473921213e-01
-8.188070802371779644e-01 2.901238376667190089e-01
-8.397125664455257210e-01 2.591349873289366945e-01
-7.698264964521756015e-01 4.443991698352866559e-01
-8.578712731256775692e-01 2.687744728049858423e-01
-6.958501415261829637e-01 5.850118473413397080e-01
-8.729415024071900397e-01 2.879008816985486607e-01
-5.689115447810482173e-01 7.347958918289315688e-01
-6.435874961510750225e-01 6.842924142265895959e-01
-7.477906828416853724e-01 5.851066174395763708e-01
-6.342512477148704031e-01 7.201039927989713041e-01
-7.954331415110664771e-01 5.546154797923705804e-01
-6.900315957036746717e-01 6.956008037278587075e-01
-5.767269397290563093e-01 8.045408921824905857e-01
-1.758083760012131569e-01 9.844244079297383987e-01
